      0/19     9.38G   0.03472   0.04802         0   0.08274       462       800     0.905    0.9155    0.9146    0.4073    0.1029    0.1089         0
      1/19     12.6G   0.02839   0.04554         0   0.07393       328       800    0.9113     0.859    0.9023    0.4423    0.1031    0.1433         0
      2/19     12.6G   0.02767   0.04648         0   0.07415       469       800    0.9595    0.9189    0.9449    0.4851   0.09967    0.1177         0
      3/19     12.6G   0.02666    0.0445         0   0.07116       411       800    0.8986    0.7829    0.8494    0.4104    0.1095    0.1343         0
      4/19     12.6G   0.02456   0.04397         0   0.06854       368       800    0.8688    0.9118    0.9117    0.3173    0.0965    0.1224         0
      5/19     12.6G   0.02452   0.04259         0    0.0671       214       800    0.9433    0.9374    0.9539    0.5113   0.09472    0.1145         0
      6/19     12.6G   0.02488   0.04245         0   0.06734       317       800    0.9589    0.9395    0.9541    0.5097   0.09544    0.1145         0
      7/19     12.6G   0.02481   0.04283         0   0.06764       281       800    0.9699    0.9476    0.9594    0.5459   0.09267     0.119         0
      8/19     12.6G   0.02291   0.04131         0   0.06422       249       800    0.9717     0.952    0.9647    0.5583   0.09162    0.1207         0
      9/19     12.6G   0.02561   0.04308         0   0.06869       362       800    0.9716    0.9539    0.9679     0.553   0.09263    0.1136         0
     10/19     12.6G   0.02432   0.04087         0   0.06519       351       800    0.7476    0.7533    0.7802    0.3614       nan       nan         0
     11/19     12.6G   0.02534   0.04196         0    0.0673       233       800    0.9727    0.9516    0.9647    0.5566   0.08804    0.1253         0
     12/19     12.6G   0.02639   0.04053         0   0.06692       357       800    0.9741    0.9542    0.9708    0.5688   0.08806    0.1254         0
     13/19     12.6G   0.02497   0.04122         0   0.06619       343       800     0.975    0.9532    0.9714    0.5694    0.0876    0.1206         0
     14/19     12.6G   0.02526   0.04035         0   0.06561       463       800    0.9745    0.9564     0.971     0.567   0.08724    0.1217         0
     15/19     12.6G   0.02464   0.03986         0    0.0645       564       800    0.9741     0.958    0.9713    0.5692   0.08735    0.1225         0
     16/19     12.6G   0.02504   0.04034         0   0.06538       374       800    0.9676    0.9586    0.9673    0.5681   0.08744    0.1256         0
     17/19     12.6G   0.02399   0.03922         0   0.06321       418       800    0.9735    0.9609    0.9725    0.5795   0.08693    0.1215         0
     18/19     12.6G   0.02282   0.03994         0   0.06276       232       800    0.9753    0.9597    0.9718    0.5744   0.08679    0.1256         0
